fair_bids: 1906%!
bank: 1430.5999999999995%!
percentage of money saved: 75.0577124868835%!
