fair_bids: 2101%!
bank: 1591.7999999999993%!
percentage of money saved: 75.76392194193238%!
