fair_bids: 2179%!
bank: 1678.0999999999992%!
percentage of money saved: 77.01239100504816%!
